gene_id	length	strand	start	stop
7srRNA	317	-	258367	258684
SRP_RNA	291	+	258382	258673
16S_rRNA	1497	+	2021873	2023370
23S_rRNA	3028	+	2023599	2026627
5S_rRNA-1	125	+	27367	27492
5S_rRNA-2	125	+	1768487	1768612
CRISPR1	1026	+	367437	368463
CRISPR2	1565	+	462201	463766
CRISPR3	2459	+	822214	824673
RNaseP	321	-	1600263	1600584
TK0001	5015	+	1	5016
TK0002	647	+	5086	5733
TK0003	389	+	5730	6119
TK0004	449	-	6079	6528
TK0005	428	+	6586	7014
TK0006	275	-	7152	7427
TK0007	215	-	7399	7614
TK0008	1100	-	7655	8755
TK0009	1250	+	8843	10093
TK0010	284	+	10095	10379
TK0011	422	+	10385	10807
TK0012	557	-	10808	11365
TK0013	311	+	11415	11726
TK0014	557	+	11729	12286
TK0015	1064	+	12347	13411
TK0016	416	-	13392	13808
TK0017	215	-	13808	14023
TK0018	743	+	14153	14896
TK0019	1019	+	14945	15964
TK0020	731	+	15968	16699
TK0021	992	+	16705	17697
TK0022	1004	-	17780	18784
TK0023	494	-	18786	19280
TK0024	893	-	19290	20183
TK0025	989	-	20183	21172
TK0026	653	-	21266	21919
TK0027	656	-	21913	22569
TK0028	1265	-	22597	23862
TK0029	878	+	23956	24834
TK0030	569	+	24882	25451
TK0031	398	-	25413	25811
TK0032	1502	-	25813	27315
TK0033	1055	+	27565	28620
TK0034	743	-	28591	29334
TK0035	1277	+	29404	30681
TK0036	329	+	30937	31266
TK0037	959	+	31276	32235
TK0038	884	+	32367	33251
TK0039	1742	+	33291	35033
TK0040	776	+	35048	35824
TK0041	659	+	35882	36541
TK0042	827	+	36553	37380
TK0043	476	+	37394	37870
TK0044	1424	+	37874	39298
TK0045	524	+	39323	39847
TK0046	485	+	39847	40332
TK0047	698	+	40372	41070
TK0048	1622	+	41072	42694
TK0049	1739	+	42705	44444
TK0050	1994	+	44441	46435
TK0051	512	+	46479	46991
TK0052	629	+	47171	47800
TK0053	1202	-	47938	49140
TK0054	167	-	49154	49321
TK0055	338	+	49394	49732
TK0056	569	+	49729	50298
TK0057	278	-	50279	50557
TK0058	704	+	50709	51413
TK0059	569	-	51484	52053
TK0060	542	-	52064	52606
TK0061	1598	-	52603	54201
TK0062	770	+	54251	55021
TK0063	548	+	55059	55607
TK0064	380	+	55639	56019
TK0065	200	+	56064	56264
TK0066	464	+	56245	56709
TK0067	566	+	56702	57268
TK0068	338	-	57265	57603
TK0069	647	-	57600	58247
TK0070	335	-	58403	58738
TK0071	836	+	58868	59704
TK0072	1901	-	59899	61800
TK0073	893	+	62831	63724
TK0074	1766	+	64227	65993
TK0075	1337	+	66046	67383
TK0076	1574	+	67400	68974
TK0077	143	+	68971	69114
TK0078	257	+	69118	69375
TK0079	392	+	69404	69796
TK0080	716	+	69796	70512
TK0081	599	+	70514	71113
TK0082	128	+	71118	71246
TK0083	320	+	71243	71563
TK0084	140	+	71565	71705
TK0085	905	+	71689	72594
TK0086	575	+	72765	73340
TK0087	1307	+	73337	74644
TK0088	1136	+	74625	75761
TK0089	272	+	75754	76026
TK0090	1436	+	76023	77459
TK0091	1343	+	77703	79046
TK0092	206	+	79043	79249
TK0093	254	+	79243	79497
TK0094	377	+	79753	80130
TK0095	173	+	80256	80429
TK0096	2744	+	80433	83177
TK0097	251	+	83184	83435
TK0098	197	+	83432	83629
TK0099	179	+	83733	83912
TK0100	359	+	83909	84268
TK0101	176	+	84265	84441
TK0102	578	+	84441	85019
TK0103	314	+	85027	85341
TK0104	518	+	85431	85949
TK0105	413	+	86009	86422
TK0106	794	-	86334	87128
TK0107	443	+	87221	87664
TK0108	602	+	87664	88266
TK0109	1013	+	88267	89280
TK0110	740	+	89320	90060
TK0111	188	+	90080	90268
TK0112	275	+	90286	90561
TK0113	473	-	90584	91057
TK0114	179	+	91188	91367
TK0115	1616	+	91364	92980
TK0116	1478	+	93073	94551
TK0117	1160	+	94553	95713
TK0118	194	-	95823	96017
TK0119	1451	+	96186	97637
TK0120	518	+	97630	98148
TK0121	296	+	98141	98437
TK0122	1157	+	98427	99584
TK0123	1244	+	99649	100893
TK0124	290	-	100916	101206
TK0125	509	-	101225	101734
TK0126	542	+	101806	102348
TK0127	170	+	102394	102564
TK0128	431	+	102561	102992
TK0129	416	-	102987	103403
TK0130	842	+	103477	104319
TK0131	1703	+	104399	106102
TK0132	572	+	106208	106780
TK0133	599	+	106856	107455
TK0134	1004	+	107452	108456
TK0135	608	-	108483	109091
TK0136	1943	-	109093	111036
TK0137	461	-	111037	111498
TK0138	158	-	111485	111643
TK0139	1376	-	111646	113022
TK0140	1358	+	113208	114566
TK0141	674	+	114680	115354
TK0142	1004	+	115400	116404
TK0143	143	-	116485	116628
TK0144	809	-	116679	117488
TK0145	671	-	117478	118149
TK0146	881	-	118181	119062
TK0147	866	-	119064	119930
TK0148	470	+	120018	120488
TK0149	0	.	0	0
TK0150	404	+	120988	121392
TK0151	431	+	121543	121974
TK0152	227	+	121976	122203
TK0153	926	+	122204	123130
TK0154	290	-	123114	123404
TK0155	2225	-	123468	125693
TK0156	2228	+	125869	128097
TK0157	1373	-	128167	129540
TK0158	1004	-	129686	130690
TK0159	1694	-	130684	132378
TK0160	1034	+	132392	133426
TK0161	662	-	133421	134083
TK0162	437	-	134080	134517
TK0163	776	-	134514	135290
TK0164	1721	-	135295	137016
TK0165	1028	-	137013	138041
TK0166	413	-	138057	138470
TK0167	1607	+	138901	140508
TK0168	233	+	140614	140847
TK0169	548	+	140844	141392
TK0170	845	-	141389	142234
TK0171	1061	-	142268	143329
TK0172	1160	-	143292	144452
TK0173	302	-	144460	144762
TK0174	617	+	144870	145487
TK0175	596	-	145543	146139
TK0176	332	-	146166	146498
TK0177	221	-	146486	146707
TK0178	1985	-	146743	148728
TK0179	404	-	148829	149233
TK0180	1166	-	149235	150401
TK0181	1052	-	150412	151464
TK0182	668	+	151612	152280
TK0183	680	-	152338	153018
TK0184	1262	-	153024	154286
TK0185	968	-	154381	155349
TK0186	1253	+	155593	156846
TK0187	851	+	156914	157765
TK0188	839	-	157695	158534
TK0189	410	+	158591	159001
TK0190	566	-	159054	159620
TK0191	449	-	159617	160066
TK0192	218	-	160063	160281
TK0193	923	-	160324	161247
TK0194	1460	-	161332	162792
TK0195	1043	+	162899	163942
TK0196	995	-	163935	164930
TK0197	2141	-	164927	167068
TK0198	521	-	167158	167679
TK0199	725	-	167676	168401
TK0200	1496	-	168418	169914
TK0201	671	-	169994	170665
TK0202	242	-	170667	170909
TK0203	1142	-	170920	172062
TK0204	1295	-	172064	173359
TK0205	665	+	173473	174138
TK0206	755	+	174131	174886
TK0207	1289	-	175277	176566
TK0208	1004	+	176684	177688
TK0209	164	+	177721	177885
TK0210	707	-	177857	178564
TK0211	1349	+	178741	180090
TK0212	488	-	180080	180568
TK0213	260	-	180565	180825
TK0214	1979	-	180882	182861
TK0215	1730	-	182973	184703
TK0216	593	-	184899	185492
TK0217	1007	-	185525	186532
TK0218	833	-	186648	187481
TK0219	1241	+	187611	188852
TK0220	476	+	188849	189325
TK0221	413	+	189402	189815
TK0222	368	+	189790	190158
TK0223	1169	-	190167	191336
TK0224	623	+	191423	192046
TK0225	446	+	192072	192518
TK0226	494	+	192529	193023
TK0227	221	+	193020	193241
TK0228	332	-	193238	193570
TK0229	206	-	193689	193895
TK0230	875	+	194067	194942
TK0231	716	+	194932	195648
TK0232	821	-	195675	196496
TK0233	581	-	196569	197150
TK0234	620	+	197284	197904
TK0235	1211	-	198032	199243
TK0236	938	-	199285	200223
TK0237	338	+	200297	200635
TK0238	671	+	200604	201275
TK0239	329	+	201310	201639
TK0240	821	+	201640	202461
TK0241	443	+	202466	202909
TK0242	881	+	203131	204012
TK0243	611	+	204009	204620
TK0244	1130	+	204607	205737
TK0245	533	+	205817	206350
TK0246	587	+	206347	206934
TK0247	701	+	206936	207637
TK0248	758	+	207619	208377
TK0249	629	+	208387	209016
TK0250	1010	+	209013	210023
TK0251	728	+	210007	210735
TK0252	683	+	210836	211519
TK0253	962	+	211516	212478
TK0254	0	.	0	0
TK0255	578	+	213249	213827
TK0256	626	+	213820	214446
TK0257	1169	+	214439	215608
TK0258	755	+	215601	216356
TK0259	770	-	216338	217108
TK0260	1094	-	217033	218127
TK0261	176	-	218090	218266
TK0262	1067	-	218420	219487
TK0263	1199	-	219484	220683
TK0264	815	-	220689	221504
TK0265	818	-	221485	222303
TK0266	641	-	222296	222937
TK0267	1025	-	222891	223916
TK0268	914	-	223904	224818
TK0269	920	-	224815	225735
TK0270	659	-	225732	226391
TK0271	314	-	226384	226698
TK0272	311	+	226945	227256
TK0273	461	+	227271	227732
TK0274	1034	-	227724	228758
TK0275	1088	-	228745	229833
TK0276	755	-	229839	230594
TK0277	992	-	230604	231596
TK0278	821	-	231593	232414
TK0279	161	-	232441	232602
TK0280	1043	-	232697	233740
TK0281	491	-	233728	234219
TK0282	1142	-	234216	235358
TK0283	1085	-	235355	236440
TK0284	563	-	236666	237229
TK0285	107	+	237339	237446
TK0286	992	+	237549	238541
TK0287	149	+	238550	238699
TK0288	749	-	238690	239439
TK0289	2459	+	239582	242041
TK0290	920	+	242077	242997
TK0291	548	+	242990	243538
TK0292	464	+	243604	244068
TK0293	695	+	244065	244760
TK0294	491	-	244751	245242
TK0295	824	-	245252	246076
TK0296	908	-	246239	247147
TK0297	1400	-	247210	248610
TK0298	1295	+	248816	250111
TK0299	314	+	250459	250773
TK0300	1328	-	250795	252123
TK0301	1319	-	252136	253455
TK0302	542	-	253666	254208
TK0303	1751	-	254240	255991
TK0304	1319	-	256137	257456
TK0305	677	-	257569	258246
TK0306	1220	+	259716	260936
TK0307	308	-	261189	261497
TK0308	1286	-	261557	262843
TK0309	2198	-	263078	265276
TK0310	332	-	265385	265717
TK0311	272	-	265710	265982
TK0312	1073	-	266016	267089
TK0313	1088	-	267123	268211
TK0314	722	+	268356	269078
TK0315	245	+	269075	269320
TK0316	977	-	269315	270292
TK0317	758	+	270375	271133
TK0318	299	+	271144	271443
TK0319	1532	-	271539	273071
TK0320	719	+	273258	273977
TK0321	353	+	274225	274578
TK0322	1079	+	274626	275705
TK0323	1070	+	275702	276772
TK0324	767	+	276773	277540
TK0325	458	+	277537	277995
TK0326	758	+	277992	278750
TK0327	656	-	278873	279529
TK0328	434	+	279652	280086
TK0329	959	+	280127	281086
TK0330	398	+	281083	281481
TK0331	851	-	281558	282409
TK0332	995	-	282435	283430
TK0333	686	-	283427	284113
TK0334	389	-	284118	284507
TK0335	203	-	284488	284691
TK0336	767	-	284730	285497
TK0337	536	+	285557	286093
TK0338	533	-	286060	286593
TK0339	395	-	286772	287167
TK0340	368	-	287164	287532
TK0341	608	-	287519	288127
TK0342	320	-	288187	288507
TK0343	458	-	288504	288962
TK0344	164	-	288955	289119
TK0345	842	-	289150	289992
TK0346	317	-	289953	290270
TK0347	1343	+	290367	291710
TK0348	806	+	291717	292523
TK0349	779	+	292650	293429
TK0350	248	+	293429	293677
TK0351	251	+	293764	294015
TK0352	1511	+	294129	295640
TK0353	512	-	295641	296153
TK0354	470	-	296218	296688
TK0355	929	+	296787	297716
TK0356	2126	+	297713	299839
TK0357	926	+	299836	300762
TK0358	1448	-	300817	302265
TK0359	452	-	302319	302771
TK0360	938	-	302764	303702
TK0361	428	-	303712	304140
TK0362	122	-	304137	304259
TK0363	854	+	304353	305207
TK0364	665	+	305207	305872
TK0365	731	-	306390	307121
TK0366	575	-	307325	307900
TK0367	476	-	307944	308420
TK0368	1145	-	308506	309651
TK0369	374	-	309656	310030
TK0370	608	-	310031	310639
TK0371	281	-	310836	311117
TK0372	383	-	311122	311505
TK0373	230	+	311687	311917
TK0374	416	+	311904	312320
TK0375	713	+	312421	313134
TK0376	1385	+	313219	314604
TK0377	440	-	314633	315073
TK0378	728	-	315260	315988
TK0379	1145	+	316142	317287
TK0380	851	-	317280	318131
TK0381	863	+	319080	319943
TK0382	284	+	319940	320224
TK0383	188	+	320523	320711
TK0384	353	+	321027	321380
TK0385	1886	+	321385	323271
TK0386	2138	+	323276	325414
TK0387	521	+	325429	325950
TK0388	335	+	325962	326297
TK0389	230	+	326299	326529
TK0390	803	+	326533	327336
TK0391	482	+	327348	327830
TK0392	467	+	327836	328303
TK0393	800	+	328305	329105
TK0394	1463	+	329239	330702
TK0395	752	+	330715	331467
TK0396	284	+	331467	331751
TK0397	971	-	331760	332731
TK0398	1142	+	332818	333960
TK0399	596	+	334083	334679
TK0400	479	+	334648	335127
TK0401	578	+	335149	335727
TK0402	374	+	335901	336275
TK0403	431	-	336268	336699
TK0404	1013	-	336726	337739
TK0405	419	+	337962	338381
TK0406	425	+	338378	338803
TK0407	392	-	339161	339553
TK0408	584	-	339735	340319
TK0409	437	+	340573	341010
TK0410	1028	+	341448	342476
TK0411	437	+	342469	342906
TK0412	188	+	342903	343091
TK0413	320	+	343096	343416
TK0414	191	+	343413	343604
TK0415	311	+	343601	343912
TK0416	575	+	343912	344487
TK0417	260	+	344495	344755
TK0418	254	+	344752	345006
TK0419	350	+	345021	345371
TK0420	353	+	345543	345896
TK0421	380	+	345902	346282
TK0422	1112	+	346366	347478
TK0423	1850	-	347582	349432
TK0424	1061	+	349552	350613
TK0425	554	+	350616	351170
TK0426	767	+	351233	352000
TK0427	1115	+	352002	353117
TK0428	1160	+	353189	354349
TK0429	470	+	354417	354887
TK0430	596	-	354871	355467
TK0431	932	-	355464	356396
TK0432	659	-	356393	357052
TK0433	1286	-	357049	358335
TK0434	755	+	358431	359186
TK0435	1295	+	359186	360481
TK0436	1901	+	360521	362422
TK0437	1946	-	362435	364381
TK0438	1238	-	364390	365628
TK0439	587	-	365714	366301
TK0440	902	-	366305	367207
TK0441	1052	-	367252	368304
TK0442	905	+	368473	369378
TK0443	1082	+	369382	370464
TK0444	1430	+	370505	371935
TK0445	257	+	373598	373855
TK0446	701	-	373848	374549
TK0447	773	-	374550	375323
TK0448	677	-	375313	375990
TK0449	662	-	375962	376624
TK0450	1601	-	376621	378222
TK0451	1199	-	378192	379391
TK0452	743	-	379381	380124
TK0453	1202	-	380126	381328
TK0454	365	-	381325	381690
TK0455	980	-	381865	382845
TK0456	413	-	382858	383271
TK0457	227	-	383259	383486
TK0458	512	-	383543	384055
TK0459	1109	-	384045	385154
TK0460	2222	-	385215	387437
TK0461	632	-	387434	388066
TK0462	1076	-	388071	389147
TK0463	1472	-	389144	390616
TK0464	791	-	390585	391376
TK0465	698	-	391629	392327
TK0466	1322	+	392443	393765
TK0467	3206	+	393918	397124
TK0468	293	-	397193	397486
TK0469	509	+	397517	398026
TK0470	5135	+	398065	403200
TK0471	794	+	403511	404305
TK0472	212	-	404434	404646
TK0473	335	-	404643	404978
TK0474	734	-	404975	405709
TK0475	1220	+	405850	407070
TK0476	743	+	407079	407822
TK0477	653	+	407824	408477
TK0478	188	+	408474	408662
TK0479	812	+	408662	409474
TK0480	620	+	409475	410095
TK0481	512	+	410191	410703
TK0482	1415	+	410893	412308
TK0483	611	+	412319	412930
TK0484	344	+	412923	413267
TK0485	596	+	413273	413869
TK0486	332	+	413892	414224
TK0487	650	+	414235	414885
TK0488	620	+	414890	415510
TK0489	608	+	415677	416285
TK0490	638	+	416306	416944
TK0491	1253	+	416937	418190
TK0492	1316	+	418262	419578
TK0493	2093	+	419642	421735
TK0494	1154	-	421892	423046
TK0495	1262	-	424009	425271
TK0496	338	+	425389	425727
TK0497	995	+	425763	426758
TK0498	1265	+	426815	428080
TK0499	1325	-	428081	429406
TK0500	227	-	429410	429637
TK0501	272	-	429634	429906
TK0502	1367	-	429899	431266
TK0503	341	+	431413	431754
TK0504	698	+	431767	432465
TK0505	977	-	432462	433439
TK0506	1193	+	433558	434751
TK0507	521	-	434795	435316
TK0508	482	-	435316	435798
TK0509	557	-	435776	436333
TK0510	800	+	436425	437225
TK0511	1436	-	437238	438674
TK0512	707	-	438712	439419
TK0513	866	+	439594	440460
TK0514	371	+	440527	440898
TK0515	380	+	440903	441283
TK0516	515	+	441374	441889
TK0517	1211	+	441947	443158
TK0518	452	+	443245	443697
TK0519	617	+	443709	444326
TK0520	851	-	444310	445161
TK0521	2702	-	445213	447915
TK0522	1349	-	447961	449310
TK0523	515	+	449497	450012
TK0524	161	+	450093	450254
TK0525	347	+	450266	450613
TK0526	995	-	450632	451627
TK0527	353	+	451786	452139
TK0528	1295	+	452322	453617
TK0529	506	+	453851	454357
TK0530	164	+	454354	454518
TK0531	281	+	454567	454848
TK0532	428	+	454854	455282
TK0533	332	+	455346	455678
TK0534	176	+	455675	455851
TK0535	749	+	455854	456603
TK0536	566	+	456634	457200
TK0537	650	+	457492	458142
TK0538	533	-	458154	458687
TK0539	956	+	458734	459690
TK0540	1259	-	459683	460942
TK0541	1190	-	461634	462824
TK0542	458	-	462827	463285
TK0543	167	-	463282	463449
TK0544	512	-	463476	463988
TK0545	1217	+	464361	465578
TK0546	215	-	465648	465863
TK0547	656	+	465991	466647
TK0548	1169	-	466644	467813
TK0549	1610	-	470034	471644
TK0550	1445	-	471707	473152
TK0551	1001	+	473255	474256
TK0552	458	+	474266	474724
TK0553	1274	+	474784	476058
TK0554	596	+	476077	476673
TK0555	293	+	476754	477047
TK0556	1070	-	476987	478057
TK0557	542	+	478113	478655
TK0558	533	-	478645	479178
TK0559	548	-	479214	479762
TK0560	275	-	479859	480134
TK0561	1364	+	480331	481695
TK0562	341	-	483585	483926
TK0563	464	+	483997	484461
TK0564	566	-	484458	485024
TK0565	419	+	485081	485500
TK0566	2498	-	485497	487995
TK0567	500	-	487999	488499
TK0568	1127	-	488533	489660
TK0569	1076	+	489784	490860
TK0570	1454	+	490938	492392
TK0571	1847	+	492577	494424
TK0572	1061	+	494435	495496
TK0573	557	+	495528	496085
TK0574	2012	+	496190	498202
TK0575	593	-	497968	498561
TK0576	353	-	498612	498965
TK0577	227	-	499144	499371
TK0578	575	-	499379	499954
TK0579	314	-	499954	500268
TK0580	224	-	500265	500489
TK0581	191	-	500486	500677
TK0582	761	-	500674	501435
TK0583	245	-	501563	501808
TK0584	212	-	501801	502013
TK0585	245	-	502010	502255
TK0586	242	-	502248	502490
TK0587	2087	-	502490	504577
TK0588	422	-	505258	505680
TK0589	509	-	505831	506340
TK0590	230	-	506351	506581
TK0591	1007	+	506705	507712
TK0592	1379	-	507819	509198
TK0593	1163	-	509179	510342
TK0594	356	+	510612	510968
TK0595	554	-	510939	511493
TK0596	836	+	511661	512497
TK0597	551	-	512726	513277
TK0598	200	-	513274	513474
TK0599	305	-	513552	513857
TK0600	689	-	513859	514548
TK0601	1301	-	514559	515860
TK0602	800	-	516019	516819
TK0603	467	-	516821	517288
TK0604	482	-	517294	517776
TK0605	803	-	517788	518591
TK0606	230	-	518595	518825
TK0607	335	+	325962	326297
TK0608	521	+	325429	325950
TK0609	2138	-	519710	521848
TK0610	1886	-	521853	523739
TK0611	353	+	321027	321380
TK0612	188	+	320523	320711
TK0613	140	-	524763	524903
TK0614	953	-	524900	525853
TK0615	260	+	526224	526484
TK0616	149	+	526511	526660
TK0617	626	+	526714	527340
TK0618	605	+	527380	527985
TK0619	272	+	527961	528233
TK0620	314	+	528230	528544
TK0621	230	+	528525	528755
TK0622	245	+	528752	528997
TK0623	407	+	528994	529401
TK0624	290	+	529394	529684
TK0625	1487	+	529675	531162
TK0626	407	-	531139	531546
TK0627	1139	+	531631	532770
TK0628	1127	+	532805	533932
TK0629	437	-	533933	534370
TK0630	1316	-	534382	535698
TK0631	839	+	536023	536862
TK0632	362	+	536863	537225
TK0633	1067	+	537246	538313
TK0634	1646	+	538320	539966
TK0635	695	+	540002	540697
TK0636	623	+	540687	541310
TK0637	623	+	541307	541930
TK0638	2243	+	541932	544175
TK0639	485	+	544219	544704
TK0640	755	+	544716	545471
TK0641	1025	+	545493	546518
TK0642	248	+	546527	546775
TK0643	353	+	546846	547199
TK0644	326	+	547243	547569
TK0645	983	+	547547	548530
TK0646	335	+	548531	548866
TK0647	1070	+	549096	550166
TK0648	1184	+	550292	551476
TK0649	725	+	551334	552059
TK0650	524	+	552191	552715
TK0651	989	-	552761	553750
TK0652	809	+	553883	554692
TK0653	1028	-	554799	555827
TK0654	1253	-	555895	557148
TK0655	629	-	557141	557770
TK0656	458	-	557880	558338
TK0657	1292	+	558522	559814
TK0658	1526	+	559854	561380
TK0659	1034	+	561377	562411
TK0660	911	+	562408	563319
TK0661	1001	-	563326	564327
TK0662	2132	+	564425	566557
TK0663	230	-	566572	566802
TK0664	647	-	566881	567528
TK0665	1397	+	567748	569145
TK0666	548	-	569188	569736
TK0667	707	+	570047	570754
TK0668	335	-	570751	571086
TK0669	2507	-	571165	573672
TK0670	758	-	573669	574427
TK0671	1013	-	574506	575519
TK0672	1046	-	575556	576602
TK0673	779	+	576802	577581
TK0674	446	+	577595	578041
TK0675	1337	+	578541	579878
TK0676	1664	+	579871	581535
TK0677	872	-	581589	582461
TK0678	1646	-	582598	584244
TK0679	665	+	584733	585398
TK0680	833	-	585391	586224
TK0681	641	-	586399	587040
TK0682	1730	-	587236	588966
TK0683	1001	-	589045	590046
TK0684	1094	-	590094	591188
TK0685	773	+	591434	592207
TK0686	728	+	592245	592973
TK0687	581	+	592930	593511
TK0688	641	+	593540	594181
TK0689	461	+	594165	594626
TK0690	1940	+	594626	596566
TK0691	1079	-	596536	597615
TK0692	704	-	597711	598415
TK0693	701	-	598412	599113
TK0694	851	-	599110	599961
TK0695	326	+	600081	600407
TK0696	440	+	600404	600844
TK0697	659	-	600928	601587
TK0698	1322	-	601659	602981
TK0699	1421	-	602992	604413
TK0700	293	+	604546	604839
TK0701	890	-	604872	605762
TK0702	932	-	605762	606694
TK0703	947	-	606694	607641
TK0704	629	+	607736	608365
TK0705	1523	+	608693	610216
TK0706	1634	+	610306	611940
TK0707	947	+	611937	612884
TK0708	761	+	612871	613632
TK0709	761	+	613629	614390
TK0710	737	+	614395	615132
TK0711	509	-	615133	615642
TK0712	662	+	615729	616391
TK0713	446	-	616446	616892
TK0714	2018	-	616889	618907
TK0715	227	-	618904	619131
TK0716	230	-	619132	619362
TK0717	818	+	619779	620597
TK0718	797	+	620585	621382
TK0719	1055	+	621363	622418
TK0720	401	+	622510	622911
TK0721	539	-	622830	623369
TK0722	431	-	623317	623748
TK0723	419	-	623751	624170
TK0724	623	+	624284	624907
TK0725	245	+	624941	625186
TK0726	719	-	625218	625937
TK0727	944	-	625925	626869
TK0728	1157	-	626848	628005
TK0729	602	-	628077	628679
TK0730	1340	-	628700	630040
TK0731	740	-	630037	630777
TK0732	464	+	630902	631366
TK0733	200	+	631446	631646
TK0734	482	+	631633	632115
TK0735	812	+	632137	632949
TK0736	791	+	632989	633780
TK0737	515	-	633831	634346
TK0738	485	-	634378	634863
TK0739	896	+	635214	636110
TK0740	287	-	634950	635237
TK0741	308	+	636159	636467
TK0742	566	+	636512	637078
TK0743	794	-	637150	637944
TK0744	638	+	638029	638667
TK0745	770	-	638642	639412
TK0746	788	-	639409	640197
TK0747	719	-	640220	640939
TK0748	509	+	640997	641506
TK0749	587	-	641527	642114
TK0750	461	+	642225	642686
TK0751	653	+	642841	643494
TK0752	1898	-	643614	645512
TK0753	827	+	645722	646549
TK0754	2435	+	646598	649033
TK0755	497	+	649103	649600
TK0756	500	+	649603	650103
TK0757	1142	+	650214	651356
TK0758	1205	-	651359	652564
TK0759	1295	+	652800	654095
TK0760	1742	-	654953	656695
TK0761	920	-	656738	657658
TK0762	1052	-	657789	658841
TK0763	305	-	658866	659171
TK0764	4172	+	659262	663434
TK0765	1004	+	663598	664602
TK0766	368	+	664643	665011
TK0767	236	+	665115	665351
TK0768	284	-	665348	665632
TK0769	506	-	665634	666140
TK0770	497	-	666234	666731
TK0771	1652	+	666852	668504
TK0772	2183	+	668751	670934
TK0773	1946	+	671055	673001
TK0774	878	+	673049	673927
TK0775	1013	+	673973	674986
TK0776	1256	+	675054	676310
TK0777	848	-	676318	677166
TK0778	911	-	677159	678070
TK0779	713	-	678116	678829
TK0780	506	+	678980	679486
TK0781	1046	+	679724	680770
TK0782	395	+	680827	681222
TK0783	311	-	681462	681773
TK0784	1913	+	681814	683727
TK0785	476	-	683714	684190
TK0786	620	-	685269	685889
TK0787	770	-	685879	686649
TK0788	809	-	686654	687463
TK0789	1055	+	687532	688587
TK0790	434	+	688611	689045
TK0791	266	-	689076	689342
TK0792	185	-	689332	689517
TK0793	803	-	689566	690369
TK0794	1430	-	690403	691833
TK0795	2102	-	691833	693935
TK0796	419	-	694002	694421
TK0797	1244	-	694426	695670
TK0798	1157	-	695667	696824
TK0799	1703	-	696817	698520
TK0800	716	-	698523	699239
TK0801	776	-	699244	700020
TK0802	353	-	700053	700406
TK0803	791	+	700584	701375
TK0804	821	+	701372	702193
TK0805	686	+	702198	702884
TK0806	1358	-	702853	704211
TK0807	1151	+	704325	705476
TK0808	194	-	705471	705665
TK0809	1808	+	705764	707572
TK0810	3002	+	707583	710585
TK0811	740	+	710716	711456
TK0812	674	-	711461	712135
TK0813	455	+	712194	712649
TK0814	1229	-	712709	713938
TK0815	446	-	714040	714486
TK0816	884	-	714559	715443
TK0817	1712	-	715440	717152
TK0818	119	-	717145	717264
TK0819	1016	+	717339	718355
TK0820	281	+	718523	718804
TK0821	791	-	718806	719597
TK0822	737	-	719705	720442
TK0823	284	-	720502	720786
TK0824	506	+	720814	721320
TK0825	175	-	721322	721497
TK0826	524	+	721608	722132
TK0827	1172	-	722158	723330
TK0828	1085	-	723435	724520
TK0829	545	+	724720	725265
TK0830	203	+	725456	725659
TK0831	158	+	725641	725799
TK0832	914	+	725893	726807
TK0833	1139	-	726902	728041
TK0834	578	-	728098	728676
TK0835	1145	+	728860	730005
TK0836	524	+	729977	730501
TK0837	2399	+	730602	733001
TK0838	305	+	733047	733352
TK0839	590	-	733365	733955
TK0840	695	+	734081	734776
TK0841	179	+	734778	734957
TK0842	1097	-	734981	736078
TK0843	464	+	736235	736699
TK0844	1865	-	736838	738703
TK0845	836	-	738703	739539
TK0846	584	+	739726	740310
TK0847	212	+	740345	740557
TK0848	320	+	740541	740861
TK0849	155	+	740945	741100
TK0850	1295	+	741097	742392
TK0851	176	+	742449	742625
TK0852	788	+	743600	744388
TK0853	1007	-	742603	743610
TK0854	1451	+	744391	745842
TK0855	938	-	745839	746777
TK0856	575	-	746782	747357
TK0857	695	-	747354	748049
TK0858	413	-	748046	748459
TK0859	437	-	748456	748893
TK0860	233	-	748894	749127
TK0861	581	-	749224	749805
TK0862	248	-	749802	750050
TK0863	884	+	750146	751030
TK0864	968	+	751015	751983
TK0865	1055	+	752071	753126
TK0866	1235	-	753182	754417
TK0867	935	+	754512	755447
TK0868	491	+	755493	755984
TK0869	692	-	755974	756666
TK0870	737	-	756728	757465
TK0871	947	+	757714	758661
TK0872	929	+	758778	759707
TK0873	983	-	759704	760687
TK0874	575	-	760687	761262
TK0875	1091	+	761343	762434
TK0876	662	+	762412	763074
TK0877	1382	+	763200	764582
TK0878	410	+	764653	765063
TK0879	545	+	765154	765699
TK0880	1280	+	765710	766990
TK0881	449	+	767001	767450
TK0882	866	+	767493	768359
TK0883	494	+	768484	768978
TK0884	1319	+	768966	770285
TK0885	470	-	770299	770769
TK0886	1721	+	770836	772557
TK0887	1265	+	772568	773833
TK0888	242	+	773863	774105
TK0889	425	+	774102	774527
TK0890	929	+	774509	775438
TK0891	1163	+	775496	776659
TK0892	728	+	776634	777362
TK0893	1049	+	777378	778427
TK0894	833	+	778430	779263
TK0895	1838	+	779454	781292
TK0896	779	+	781345	782124
TK0897	1745	-	782114	783859
TK0898	506	+	783920	784426
TK0899	839	-	784398	785237
TK0900	620	-	785234	785854
TK0901	347	-	785943	786290
TK0902	296	-	786293	786589
TK0903	1181	-	786759	787940
TK0904	293	+	787985	788278
TK0905	548	-	788327	788875
TK0906	593	-	788862	789455
TK0907	620	-	789448	790068
TK0908	1322	+	790157	791479
TK0909	206	+	791479	791685
TK0910	449	+	791675	792124
TK0911	1889	+	792121	794010
TK0912	500	+	794054	794554
TK0913	515	+	794720	795235
TK0914	1226	-	795320	796546
TK0915	746	-	796562	797308
TK0916	1052	+	797492	798544
TK0917	248	+	798620	798868
TK0918	485	+	798852	799337
TK0919	101	-	799334	799435
TK0920	191	-	799525	799716
TK0921	1505	+	799929	801434
TK0922	236	+	801446	801682
TK0923	218	+	801682	801900
TK0924	443	+	801864	802307
TK0925	1724	+	802313	804037
TK0926	158	-	804032	804190
TK0927	803	+	804275	805078
TK0928	1385	-	805034	806419
TK0929	1265	+	806490	807755
TK0930	830	-	807756	808586
TK0931	1175	-	808682	809857
TK0932	410	-	809857	810267
TK0933	215	+	810401	810616
TK0934	734	+	810627	811361
TK0935	1013	+	811645	812658
TK0936	452	+	812671	813123
TK0937	2303	+	813126	815429
TK0938	149	+	815511	815660
TK0939	974	+	815764	816738
TK0940	791	+	816738	817529
TK0941	845	+	817633	818478
TK0942	920	+	818485	819405
TK0943	731	-	819420	820151
TK0944	1424	-	820156	821580
TK0945	704	-	821820	822524
TK0946	422	+	822609	823031
TK0947	1181	-	823025	824206
TK0948	1019	-	824276	825295
TK0949	1034	-	825389	826423
TK0950	1451	-	826445	827896
TK0951	743	-	827995	828738
TK0952	737	-	828735	829472
TK0953	1808	+	829570	831378
TK0954	566	+	831479	832045
TK0955	1241	-	835020	836261
TK0956	266	-	836345	836611
TK0957	1982	-	836657	838639
TK0958	233	-	838659	838892
TK0959	365	+	839116	839481
TK0960	818	+	839513	840331
TK0961	995	+	840303	841298
TK0962	314	+	841324	841638
TK0963	374	+	841635	842009
TK0964	1073	-	841996	843069
TK0965	260	-	843081	843341
TK0966	197	-	843331	843528
TK0967	1046	-	843608	844654
TK0968	653	+	844745	845398
TK0969	260	+	845478	845738
TK0970	1130	+	845784	846914
TK0971	1094	+	846907	848001
TK0972	401	-	847998	848399
TK0973	221	-	848386	848607
TK0974	1367	-	848680	850047
TK0975	191	-	850145	850336
TK0976	230	-	850357	850587
TK0977	2297	+	850749	853046
TK0978	1712	+	853140	854852
TK0979	764	+	854899	855663
TK0980	515	-	855648	856163
TK0981	995	+	856243	857238
TK0982	305	+	857640	857945
TK0983	1136	+	858215	859351
TK0984	647	-	859415	860062
TK0985	1412	-	860144	861556
TK0986	1292	-	861740	863032
TK0987	698	-	863132	863830
TK0988	563	+	863902	864465
TK0989	845	+	864500	865345
TK0990	1787	+	865536	867323
TK0991	1739	+	867493	869232
TK0992	284	+	869273	869557
TK0993	281	+	869569	869850
TK0994	995	+	869861	870856
TK0995	284	+	870846	871130
TK0996	653	+	871132	871785
TK0997	275	+	871852	872127
TK0998	407	+	872124	872531
TK0999	782	+	872534	873316
TK1000	233	+	873717	873950
TK1001	818	+	874032	874850
TK1002	1019	-	874847	875866
TK1003	269	+	875976	876245
TK1004	926	+	876281	877207
TK1005	440	-	877219	877659
TK1006	215	+	877977	878192
TK1007	1289	+	878221	879510
TK1008	1136	+	879525	880661
TK1009	2486	+	880760	883246
TK1010	1403	+	883275	884678
TK1011	836	-	884701	885537
TK1012	611	-	885574	886185
TK1013	203	+	886291	886494
TK1014	449	+	886478	886927
TK1015	2777	+	886931	889708
TK1016	425	+	889980	890405
TK1017	3569	+	890447	894016
TK1018	665	+	894020	894685
TK1019	422	-	894682	895104
TK1020	404	+	895226	895630
TK1021	2414	+	895633	898047
TK1022	839	-	898163	899002
TK1023	239	+	899153	899392
TK1024	1292	-	899418	900710
TK1025	878	-	900703	901581
TK1026	758	-	901707	902465
TK1027	482	-	902468	902950
TK1028	203	-	902919	903122
TK1029	428	-	903134	903562
TK1030	407	+	903626	904033
TK1031	1784	+	904121	905905
TK1032	992	+	905989	906981
TK1033	398	-	906982	907380
TK1034	890	-	907377	908267
TK1035	803	+	908320	909123
TK1036	410	+	909113	909523
TK1037	1508	+	909523	911031
TK1038	872	-	911028	911900
TK1039	1298	-	911897	913195
TK1040	179	+	913321	913500
TK1041	410	+	913718	914128
TK1042	1307	+	914128	915435
TK1043	653	+	915611	916264
TK1044	1262	+	916355	917617
TK1045	515	-	917610	918125
TK1046	3959	+	918259	922218
TK1047	827	-	922233	923060
TK1048	698	-	923070	923768
TK1049	2225	+	923973	926198
TK1050	962	-	926203	927165
TK1051	1052	-	927211	928263
TK1052	281	-	928378	928659
TK1053	731	-	928695	929426
TK1054	533	-	929434	929967
TK1055	464	+	930066	930530
TK1056	476	+	930548	931024
TK1057	248	-	931026	931274
TK1058	185	-	931220	931405
TK1059	551	+	931489	932040
TK1060	302	+	932082	932384
TK1061	308	+	932550	932858
TK1062	473	-	932873	933346
TK1063	812	+	933521	934333
TK1064	1151	-	934467	935618
TK1065	248	-	935620	935868
TK1066	1817	-	935941	937758
TK1067	1238	+	937908	939146
TK1068	203	+	939220	939423
TK1069	344	+	939420	939764
TK1070	134	+	939757	939891
TK1071	1121	+	939888	941009
TK1072	413	+	941179	941592
TK1073	305	+	941567	941872
TK1074	392	-	941869	942261
TK1075	188	-	942312	942500
TK1076	245	-	942488	942733
TK1077	647	-	942844	943491
TK1078	443	-	943497	943940
TK1079	437	-	943951	944388
TK1080	308	-	944388	944696
TK1081	1175	-	944710	945885
TK1082	2720	-	945887	948607
TK1083	3371	-	948613	951984
TK1084	248	-	952002	952250
TK1085	680	-	952449	953129
TK1086	710	+	953264	953974
TK1087	203	+	953958	954161
TK1088	1187	+	954158	955345
TK1089	803	-	955329	956132
TK1090	368	+	956224	956592
TK1091	3689	-	956594	960283
TK1092	911	+	960367	961278
TK1093	203	+	961326	961529
TK1094	1199	-	961547	962746
TK1095	239	+	962964	963203
TK1096	581	+	963200	963781
TK1097	599	-	963785	964384
TK1098	284	+	964566	964850
TK1099	197	+	964855	965052
TK1100	827	+	965129	965956
TK1101	179	+	965956	966135
TK1102	803	+	966138	966941
TK1103	614	+	967097	967711
TK1104	248	+	967708	967956
TK1105	659	+	967958	968617
TK1106	803	+	968614	969417
TK1107	1337	+	969509	970846
TK1108	1370	-	970906	972276
TK1109	1397	-	972320	973717
TK1110	1361	-	973777	975138
TK1111	569	-	975188	975757
TK1112	182	-	975825	976007
TK1113	683	-	976036	976719
TK1114	944	-	976716	977660
TK1115	971	+	977730	978701
TK1116	1265	+	978789	980054
TK1117	257	-	980113	980370
TK1118	467	+	980626	981093
TK1119	347	+	981090	981437
TK1120	473	-	981434	981907
TK1121	428	+	982012	982440
TK1122	338	+	982437	982775
TK1123	560	-	982756	983316
TK1124	845	-	983313	984158
TK1125	1148	-	984158	985306
TK1126	512	-	985303	985815
TK1127	395	-	985805	986200
TK1128	284	-	986197	986481
TK1129	866	-	986471	987337
TK1130	1190	-	987337	988527
TK1131	272	-	988531	988803
TK1132	476	+	989167	989643
TK1133	701	+	989764	990465
TK1134	470	+	990475	990945
TK1135	974	-	990990	991964
TK1136	1076	-	992012	993088
TK1137	779	+	993195	993974
TK1138	464	+	994334	994798
TK1139	1106	-	994832	995938
TK1140	1367	+	996051	997418
TK1141	740	-	997479	998219
TK1142	428	-	998188	998616
TK1143	470	+	998713	999183
TK1144	986	+	999180	1000166
TK1145	770	+	1000171	1000941
TK1146	1235	-	1000956	1002191
TK1147	2132	+	1002288	1004420
TK1148	611	-	1004421	1005032
TK1149	1688	-	1005156	1006844
TK1150	2213	-	1006933	1009146
TK1151	767	-	1009143	1009910
TK1152	938	-	1009965	1010903
TK1153	866	+	1010967	1011833
TK1154	281	+	1011951	1012232
TK1155	494	+	1012343	1012837
TK1156	416	-	1012949	1013365
TK1157	2390	+	1013792	1016182
TK1158	3377	+	1016288	1019665
TK1159	149	-	1019775	1019924
TK1160	401	+	1020170	1020571
TK1161	818	+	1020474	1021292
TK1162	992	-	1021273	1022265
TK1163	479	-	1022255	1022734
TK1164	1004	-	1022735	1023739
TK1165	806	+	1023840	1024646
TK1166	401	-	1024636	1025037
TK1167	284	-	1025037	1025321
TK1168	629	-	1025311	1025940
TK1169	596	-	1025937	1026533
TK1170	1880	+	1026632	1028512
TK1171	632	-	1028471	1029103
TK1172	674	-	1029230	1029904
TK1173	794	-	1029967	1030761
TK1174	521	-	1030768	1031289
TK1175	386	+	1031360	1031746
TK1176	1580	+	1031747	1033327
TK1177	1040	+	1033412	1034452
TK1178	560	+	1034495	1035055
TK1179	551	+	1035052	1035603
TK1180	833	+	1035590	1036423
TK1181	839	-	1036344	1037183
TK1182	1478	-	1037180	1038658
TK1183	887	+	1038750	1039637
TK1184	302	+	1040587	1040889
TK1185	494	+	1040844	1041338
TK1186	1175	+	1041480	1042655
TK1187	1136	-	1042630	1043766
TK1188	1259	-	1043763	1045022
TK1189	773	-	1045019	1045792
TK1190	1076	+	1045970	1047046
TK1191	392	-	1047163	1047555
TK1192	881	+	1047672	1048553
TK1193	1601	-	1048550	1050151
TK1194	395	-	1050261	1050656
TK1195	287	-	1050662	1050949
TK1196	500	+	1051155	1051655
TK1197	260	+	1051716	1051976
TK1198	761	+	1051986	1052747
TK1199	1322	+	1052906	1054228
TK1200	305	+	1054312	1054617
TK1201	689	+	1054660	1055349
TK1202	980	-	1055346	1056326
TK1203	473	-	1056316	1056789
TK1204	461	-	1056786	1057247
TK1205	548	+	1057449	1057997
TK1206	251	-	1058001	1058252
TK1207	464	-	1058353	1058817
TK1208	584	+	1058887	1059471
TK1209	728	+	1059536	1060264
TK1210	461	-	1060261	1060722
TK1211	1331	+	1060844	1062175
TK1212	1301	+	1062252	1063553
TK1213	623	-	1063610	1064233
TK1214	653	-	1064324	1064977
TK1215	1184	-	1064974	1066158
TK1216	533	-	1066169	1066702
TK1217	581	-	1066747	1067328
TK1218	893	-	1067348	1068241
TK1219	1850	-	1068242	1070092
TK1220	1487	-	1070089	1071576
TK1221	344	-	1071573	1071917
TK1222	716	-	1071914	1072630
TK1223	284	-	1072624	1072908
TK1224	392	-	1072905	1073297
TK1225	254	-	1073294	1073548
TK1226	533	-	1073545	1074078
TK1227	500	-	1074314	1074814
TK1228	1259	+	1074973	1076232
TK1229	554	+	1076386	1076940
TK1230	1133	-	1077025	1078158
TK1231	1262	-	1078155	1079417
TK1232	1103	+	1079713	1080816
TK1233	548	-	1080763	1081311
TK1234	278	-	1081317	1081595
TK1235	1928	+	1081665	1083593
TK1236	1076	-	1083594	1084670
TK1237	878	+	1084774	1085652
TK1238	224	+	1085716	1085940
TK1239	1247	-	1086210	1087457
TK1240	236	-	1087522	1087758
TK1241	560	-	1087769	1088329
TK1242	395	-	1088438	1088833
TK1243	695	-	1088863	1089558
TK1244	395	-	1089640	1090035
TK1245	407	-	1090072	1090479
TK1246	551	+	1090600	1091151
TK1247	1310	-	1091160	1092470
TK1248	401	-	1092510	1092911
TK1249	1160	-	1092921	1094081
TK1250	914	+	1094355	1095269
TK1251	455	+	1095338	1095793
TK1252	1433	+	1095824	1097257
TK1253	257	+	1097235	1097492
TK1254	602	+	1097508	1098110
TK1255	248	+	1098192	1098440
TK1256	425	+	1098437	1098862
TK1257	1067	+	1098878	1099945
TK1258	713	-	1100027	1100740
TK1259	452	-	1100822	1101274
TK1260	284	-	1101463	1101747
TK1261	386	-	1101740	1102126
TK1262	371	-	1102185	1102556
TK1263	788	-	1102627	1103415
TK1264	1907	+	1103539	1105446
TK1265	173	-	1105460	1105633
TK1266	578	-	1105640	1106218
TK1267	866	-	1106478	1107344
TK1268	1682	-	1107513	1109195
TK1269	1463	+	1109310	1110773
TK1270	209	-	1110816	1111025
TK1271	263	-	1111318	1111581
TK1272	635	-	1111578	1112213
TK1273	749	+	1112422	1113171
TK1274	2666	+	1113370	1116036
TK1275	410	+	1116118	1116528
TK1276	452	+	1116532	1116984
TK1277	1640	-	1117041	1118681
TK1278	338	+	1118795	1119133
TK1279	332	+	1119127	1119459
TK1280	902	+	1119460	1120362
TK1281	1022	-	1120363	1121385
TK1282	1202	-	1121472	1122674
TK1283	647	+	1122780	1123427
TK1284	500	-	1123524	1124024
TK1285	455	-	1124125	1124580
TK1286	1166	+	1124691	1125857
TK1287	692	-	1127217	1127909
TK1288	1433	-	1127980	1129413
TK1289	1412	-	1129478	1130890
TK1290	416	-	1130952	1131368
TK1291	227	-	1131378	1131605
TK1292	2381	-	1131690	1134071
TK1293	2477	-	1134201	1136678
TK1294	1079	+	1136734	1137813
TK1295	3311	+	1138129	1141440
TK1296	299	+	1141483	1141782
TK1297	1172	+	1141828	1143000
TK1298	1067	+	1143000	1144067
TK1299	1328	+	1144132	1145460
TK1300	1448	+	1145538	1146986
TK1301	1145	+	1147032	1148177
TK1302	614	+	1148290	1148904
TK1303	203	-	1148876	1149079
TK1304	821	+	1149219	1150040
TK1305	3434	-	1150037	1153471
TK1306	845	+	1153565	1154410
TK1307	524	-	1154412	1154936
TK1308	1208	-	1155027	1156235
TK1309	203	-	1156364	1156567
TK1310	212	-	1156570	1156782
TK1311	377	-	1156862	1157239
TK1312	1184	-	1157307	1158491
TK1313	611	-	1158632	1159243
TK1314	1304	-	1159277	1160581
TK1315	1895	-	1160637	1162532
TK1316	953	+	1162650	1163603
TK1317	419	+	1163610	1164029
TK1318	593	+	1164068	1164661
TK1319	155	+	1164740	1164895
TK1320	272	+	1164906	1165178
TK1321	689	+	1165206	1165895
TK1322	233	+	1165948	1166181
TK1323	1154	-	1166450	1167604
TK1324	794	-	1167625	1168419
TK1325	1445	-	1168523	1169968
TK1326	875	-	1169968	1170843
TK1327	206	+	1171018	1171224
TK1328	761	-	1171211	1171972
TK1329	614	-	1171969	1172583
TK1330	326	+	1172643	1172969
TK1331	242	-	1172970	1173212
TK1332	3377	+	1173440	1176817
TK1333	338	-	1176810	1177148
TK1334	557	+	1177252	1177809
TK1335	416	+	1177853	1178269
TK1336	1271	-	1178282	1179553
TK1337	758	-	1179550	1180308
TK1338	359	-	1180305	1180664
TK1339	197	-	1180666	1180863
TK1340	359	-	1180869	1181228
TK1341	383	-	1181228	1181611
TK1342	956	+	1181846	1182802
TK1343	557	-	1182821	1183378
TK1344	341	-	1183382	1183723
TK1345	911	-	1183779	1184690
TK1346	185	-	1184677	1184862
TK1347	341	-	1184873	1185214
TK1348	515	-	1185211	1185726
TK1349	272	-	1185733	1186005
TK1350	200	-	1186002	1186202
TK1351	872	-	1186319	1187191
TK1352	647	-	1187197	1187844
TK1353	944	-	1187909	1188853
TK1354	164	-	1189111	1189275
TK1355	233	-	1189293	1189526
TK1356	701	-	1189531	1190232
TK1357	623	-	1190256	1190879
TK1358	200	-	1190872	1191072
TK1359	275	-	1191065	1191340
TK1360	665	-	1191343	1192008
TK1361	2432	-	1192157	1194589
TK1362	386	+	1194823	1195209
TK1363	152	-	1195211	1195363
TK1364	518	-	1195368	1195886
TK1365	188	-	1195883	1196071
TK1366	209	-	1196068	1196277
TK1367	350	-	1196274	1196624
TK1368	188	-	1196621	1196809
TK1369	257	-	1196806	1197063
TK1370	266	-	1197076	1197342
TK1371	233	-	1197339	1197572
TK1372	185	+	1197731	1197916
TK1373	209	-	1197955	1198164
TK1374	326	-	1198157	1198483
TK1375	506	+	1198559	1199065
TK1376	332	+	1199157	1199489
TK1377	539	+	1199493	1200032
TK1378	416	+	1200253	1200669
TK1379	1508	-	1201688	1203196
TK1380	1355	-	1203207	1204562
TK1381	1295	-	1204727	1206022
TK1382	614	+	1206126	1206740
TK1383	692	+	1206737	1207429
TK1384	581	+	1207473	1208054
TK1385	278	-	1208041	1208319
TK1386	677	+	1208411	1209088
TK1387	704	+	1209136	1209840
TK1388	221	+	1209837	1210058
TK1389	659	+	1210075	1210734
TK1390	806	+	1210896	1211702
TK1391	344	-	1211707	1212051
TK1392	1241	-	1212048	1213289
TK1393	1490	-	1213313	1214803
TK1394	1136	-	1214963	1216099
TK1395	1961	+	1216177	1218138
TK1396	1493	-	1218145	1219638
TK1397	746	-	1219688	1220434
TK1398	692	-	1220451	1221143
TK1399	1364	+	1221239	1222603
TK1400	1331	+	1222730	1224061
TK1401	878	+	1224061	1224939
TK1402	809	+	1225000	1225809
TK1403	617	-	1226024	1226641
TK1404	710	-	1226704	1227414
TK1405	1871	+	1227570	1229441
TK1406	2492	+	1229537	1232029
TK1407	1310	+	1232184	1233494
TK1408	1721	-	1233511	1235232
TK1409	254	-	1235281	1235535
TK1410	1394	-	1235532	1236926
TK1411	401	-	1236923	1237324
TK1412	1274	-	1237381	1238655
TK1413	203	-	1238739	1238942
TK1414	467	-	1239281	1239748
TK1415	320	-	1240540	1240860
TK1416	1022	-	1240931	1241953
TK1417	650	-	1241959	1242609
TK1418	497	-	1242723	1243220
TK1419	458	-	1243255	1243713
TK1420	185	-	1243736	1243921
TK1421	1121	-	1243952	1245073
TK1422	818	-	1245189	1246007
TK1423	176	-	1246057	1246233
TK1424	1208	-	1246317	1247525
TK1425	596	+	1247578	1248174
TK1426	689	-	1249447	1250136
TK1427	368	-	1250141	1250509
TK1428	1946	-	1250580	1252526
TK1429	611	-	1252536	1253147
TK1430	1166	+	1253253	1254419
TK1431	1265	-	1254531	1255796
TK1432	1559	+	1256352	1257911
TK1433	107	+	1257922	1258029
TK1434	734	+	1258074	1258808
TK1435	317	-	1258805	1259122
TK1436	2027	-	1259179	1261206
TK1437	254	+	1261347	1261601
TK1438	1952	+	1261659	1263611
TK1439	416	-	1263608	1264024
TK1440	446	+	1264095	1264541
TK1441	788	+	1264552	1265340
TK1442	1328	+	1265700	1267028
TK1443	1007	-	1267079	1268086
TK1444	878	-	1268104	1268982
TK1445	1100	-	1269011	1270111
TK1446	1010	-	1270111	1271121
TK1447	929	-	1271123	1272052
TK1448	1058	-	1272049	1273107
TK1449	1100	-	1273100	1274200
TK1450	662	-	1274410	1275072
TK1451	455	-	1275069	1275524
TK1452	1571	-	1275676	1277247
TK1453	1046	-	1277585	1278631
TK1454	584	-	1278907	1279491
TK1455	1070	+	1279619	1280689
TK1456	593	-	1280753	1281346
TK1457	617	-	1281333	1281950
TK1458	1187	-	1282004	1283191
TK1459	1193	+	1283625	1284818
TK1460	3848	+	1284924	1288772
TK1461	2903	+	1288968	1291871
TK1462	407	-	1291904	1292311
TK1463	1229	-	1292345	1293574
TK1464	821	+	1293850	1294671
TK1465	1367	+	1294697	1296064
TK1466	1319	-	1296065	1297384
TK1467	644	-	1297420	1298064
TK1468	1031	-	1298138	1299169
TK1469	1334	-	1299239	1300573
TK1470	1124	-	1300708	1301832
TK1471	677	-	1301880	1302557
TK1472	755	-	1302639	1303394
TK1473	788	-	1303400	1304188
TK1474	1013	-	1304185	1305198
TK1475	422	-	1305195	1305617
TK1476	374	-	1305614	1305988
TK1477	875	-	1306025	1306900
TK1478	1064	-	1306938	1308002
TK1479	833	+	1308064	1308897
TK1480	1070	+	1308899	1309969
TK1481	1343	-	1310914	1312257
TK1482	803	-	1312361	1313164
TK1483	1304	-	1313206	1314510
TK1484	209	-	1314610	1314819
TK1485	110	-	1314990	1315100
TK1486	1346	+	1315368	1316714
TK1487	239	+	1316711	1316950
TK1488	521	+	1316956	1317477
TK1489	713	+	1317534	1318247
TK1490	329	+	1318257	1318586
TK1491	449	-	1318569	1319018
TK1492	761	+	1320284	1321045
TK1493	299	-	1321051	1321350
TK1494	329	+	1321459	1321788
TK1495	155	-	1321789	1321944
TK1496	605	-	1322132	1322737
TK1497	1025	-	1322751	1323776
TK1498	173	-	1323783	1323956
TK1499	197	-	1324088	1324285
TK1500	407	-	1324318	1324725
TK1501	428	-	1324736	1325164
TK1502	365	-	1325171	1325536
TK1503	779	-	1325687	1326466
TK1504	422	-	1326497	1326919
TK1505	542	-	1326916	1327458
TK1506	449	-	1327469	1327918
TK1507	587	-	1328033	1328620
TK1508	797	-	1328661	1329458
TK1509	1016	-	1329489	1330505
TK1510	239	-	1330515	1330754
TK1511	221	-	1330726	1330947
TK1512	710	-	1330992	1331702
TK1513	251	-	1331810	1332061
TK1514	581	-	1332062	1332643
TK1515	272	-	1332655	1332927
TK1516	524	-	1332969	1333493
TK1517	590	-	1333486	1334076
TK1518	1448	-	1334159	1335607
TK1519	446	-	1335648	1336094
TK1520	467	-	1336106	1336573
TK1521	707	-	1336585	1337292
TK1522	605	-	1337289	1337894
TK1523	452	-	1337905	1338357
TK1524	380	-	1338362	1338742
TK1525	554	-	1338759	1339313
TK1526	392	-	1339324	1339716
TK1527	170	-	1339728	1339898
TK1528	551	-	1339900	1340451
TK1529	731	-	1340465	1341196
TK1530	365	-	1341196	1341561
TK1531	425	-	1341573	1341998
TK1532	344	-	1342002	1342346
TK1533	377	-	1342343	1342720
TK1534	296	-	1342606	1342902
TK1535	200	-	1342909	1343109
TK1536	629	-	1343096	1343725
TK1537	470	-	1343731	1344201
TK1538	401	-	1344212	1344613
TK1539	719	-	1344619	1345338
TK1540	260	-	1345352	1345612
TK1541	767	-	1345619	1346386
TK1542	1040	-	1346397	1347437
TK1543	770	-	1347439	1348209
TK1544	1376	-	1348831	1350207
TK1545	1142	-	1350271	1351413
TK1546	548	-	1351562	1352110
TK1547	1163	-	1352205	1353368
TK1548	1157	+	1353532	1354689
TK1549	581	-	1354770	1355351
TK1550	899	+	1355564	1356463
TK1551	830	-	1356466	1357296
TK1552	2261	-	1357390	1359651
TK1553	437	-	1359648	1360085
TK1554	1280	+	1360130	1361410
TK1555	497	-	1361465	1361962
TK1556	914	-	1361959	1362873
TK1557	1466	-	1362921	1364387
TK1558	557	+	1364547	1365104
TK1559	1142	+	1365153	1366295
TK1560	1124	+	1366306	1367430
TK1561	611	+	1367531	1368142
TK1562	1310	+	1368206	1369516
TK1563	950	-	1369576	1370526
TK1564	140	-	1370570	1370710
TK1565	278	+	1370796	1371074
TK1566	1430	+	1371271	1372701
TK1567	2753	+	1372860	1375613
TK1568	1466	+	1375885	1377351
TK1569	1064	-	1377419	1378483
TK1570	365	+	1378598	1378963
TK1571	464	-	1378930	1379394
TK1572	752	-	1379481	1380233
TK1573	1397	-	1380230	1381627
TK1574	1787	+	1381734	1383521
TK1575	773	-	1383518	1384291
TK1576	563	-	1384300	1384863
TK1577	1937	-	1385010	1386947
TK1578	1046	-	1386953	1387999
TK1579	923	-	1387996	1388919
TK1580	509	+	1389057	1389566
TK1581	509	+	1389605	1390114
TK1582	386	+	1390232	1390618
TK1583	737	+	1390635	1391372
TK1584	284	+	1391372	1391656
TK1585	302	+	1391653	1391955
TK1586	422	+	1392000	1392422
TK1587	416	+	1392419	1392835
TK1588	656	+	1392832	1393488
TK1589	1622	+	1393445	1395067
TK1590	746	+	1395153	1395899
TK1591	554	+	1395916	1396470
TK1592	431	-	1396476	1396907
TK1593	905	+	1397219	1398124
TK1594	1520	+	1398121	1399641
TK1595	689	+	1399641	1400330
TK1596	311	+	1400450	1400761
TK1597	1991	+	1400763	1402754
TK1598	485	+	1402772	1403257
TK1599	611	+	1403297	1403908
TK1600	1097	+	1403911	1405008
TK1601	308	+	1405005	1405313
TK1602	1757	+	1405320	1407077
TK1603	1397	+	1407077	1408474
TK1604	644	+	1408503	1409147
TK1605	767	+	1409242	1410009
TK1606	755	+	1410019	1410774
TK1607	1220	+	1410767	1411987
TK1608	713	+	1412067	1412780
TK1609	707	+	1412755	1413462
TK1610	305	+	1413456	1413761
TK1611	845	+	1413772	1414617
TK1612	2858	-	1414620	1417478
TK1613	1802	-	1417475	1419277
TK1614	464	-	1419270	1419734
TK1615	1031	-	1419869	1420900
TK1616	590	+	1420989	1421579
TK1617	854	-	1421560	1422414
TK1618	512	-	1422437	1422949
TK1619	494	+	1423113	1423607
TK1620	3473	+	1423607	1427080
TK1621	428	+	1427126	1427554
TK1622	1568	+	1427662	1429230
TK1623	386	+	1429241	1429627
TK1624	473	+	1429630	1430103
TK1625	1193	+	1430110	1431303
TK1626	842	+	1431376	1432218
TK1627	1004	+	1432261	1433265
TK1628	392	-	1433252	1433644
TK1629	524	+	1433694	1434218
TK1630	704	-	1434215	1434919
TK1631	413	-	1435000	1435413
TK1632	281	-	1435465	1435746
TK1633	818	-	1435778	1436596
TK1634	749	-	1436589	1437338
TK1635	773	-	1437322	1438095
TK1636	710	-	1438092	1438802
TK1637	782	-	1438814	1439596
TK1638	221	-	1439660	1439881
TK1639	467	+	1439935	1440402
TK1640	320	-	1440377	1440697
TK1641	287	-	1440708	1440995
TK1642	257	+	1441088	1441345
TK1643	1913	+	1441431	1443344
TK1644	446	-	1443341	1443787
TK1645	221	-	1443774	1443995
TK1646	683	-	1444108	1444791
TK1647	386	+	1444848	1445234
TK1648	314	-	1445241	1445555
TK1649	1037	+	1445610	1446647
TK1650	536	-	1446583	1447119
TK1651	410	-	1447174	1447584
TK1652	422	+	1447625	1448047
TK1653	485	-	1448044	1448529
TK1654	299	+	1448593	1448892
TK1655	1196	+	1448896	1450092
TK1656	986	+	1450182	1451168
TK1657	212	-	1451165	1451377
TK1658	254	-	1451436	1451690
TK1659	650	-	1451741	1452391
TK1660	275	+	1452499	1452774
TK1661	752	-	1452729	1453481
TK1662	1118	-	1453482	1454600
TK1663	2591	-	1454600	1457191
TK1664	2489	-	1457193	1459682
TK1665	503	-	1459679	1460182
TK1666	443	-	1460163	1460606
TK1667	665	-	1460606	1461271
TK1668	614	-	1461314	1461928
TK1669	1142	-	1461925	1463067
TK1670	2237	-	1463075	1465312
TK1671	1001	-	1465419	1466420
TK1672	137	+	1466589	1466726
TK1673	584	-	1466711	1467295
TK1674	521	-	1467318	1467839
TK1675	1268	+	1468085	1469353
TK1676	1172	-	1469429	1470601
TK1677	791	+	1470702	1471493
TK1678	1502	-	1471532	1473034
TK1679	437	-	1473019	1473456
TK1680	197	-	1473551	1473748
TK1681	899	-	1473892	1474791
TK1682	950	+	1474901	1475851
TK1683	467	+	1475927	1476394
TK1684	1445	-	1476404	1477849
TK1685	854	-	1477850	1478704
TK1686	785	+	1478908	1479693
TK1687	821	-	1479780	1480601
TK1688	731	-	1480869	1481600
TK1689	1991	+	1483242	1485233
TK1690	1754	+	1485277	1487031
TK1691	1055	-	1487073	1488128
TK1692	740	+	1488237	1488977
TK1693	533	+	1489040	1489573
TK1694	191	+	1489716	1489907
TK1695	173	-	1490042	1490215
TK1696	296	-	1490226	1490522
TK1697	533	-	1490512	1491045
TK1698	203	-	1491042	1491245
TK1699	572	-	1491248	1491820
TK1700	536	-	1491857	1492393
TK1701	962	-	1492451	1493413
TK1702	947	-	1493433	1494380
TK1703	1067	-	1494377	1495444
TK1704	539	-	1495497	1496036
TK1705	596	-	1496051	1496647
TK1706	491	-	1496835	1497326
TK1707	221	-	1497333	1497554
TK1708	950	-	1498713	1499663
TK1709	407	+	1499747	1500154
TK1710	431	+	1500144	1500575
TK1711	995	+	1500572	1501567
TK1712	1247	+	1501602	1502849
TK1713	1073	-	1503205	1504278
TK1714	971	-	1504275	1505246
TK1715	1193	+	1505310	1506503
TK1716	689	+	1506500	1507189
TK1717	884	+	1507186	1508070
TK1718	2300	-	1508104	1510404
TK1719	1289	+	1510602	1511891
TK1720	725	+	1511854	1512579
TK1721	1079	+	1512576	1513655
TK1722	818	+	1513657	1514475
TK1723	1166	+	1514496	1515662
TK1724	1010	+	1515665	1516675
TK1725	3728	+	1516692	1520420
TK1726	857	+	1520555	1521412
TK1727	266	+	1521354	1521620
TK1728	1448	+	1522039	1523487
TK1729	659	+	1523530	1524189
TK1730	713	+	1524183	1524896
TK1731	1061	-	1524886	1525947
TK1732	1121	-	1525944	1527065
TK1733	1109	-	1527055	1528164
TK1734	806	+	1528309	1529115
TK1735	437	+	1529116	1529553
TK1736	5240	+	1529744	1534984
TK1737	464	+	1535127	1535591
TK1738	554	+	1535631	1536185
TK1739	1409	+	1536435	1537844
TK1740	1217	+	1537860	1539077
TK1741	1370	+	1539152	1540522
TK1742	212	-	1540466	1540678
TK1743	1736	-	1540721	1542457
TK1744	308	+	1542574	1542882
TK1745	827	+	1542913	1543740
TK1746	377	+	1543790	1544167
TK1747	536	-	1544252	1544788
TK1748	3197	+	1544985	1548182
TK1749	497	-	1548190	1548687
TK1750	1259	-	1549015	1550274
TK1751	371	-	1550457	1550828
TK1752	233	-	1550795	1551028
TK1753	758	+	1551150	1551908
TK1754	2360	-	1551928	1554288
TK1755	980	-	1554294	1555274
TK1756	968	-	1555275	1556243
TK1757	977	-	1556236	1557213
TK1758	944	-	1557210	1558154
TK1759	998	-	1558157	1559155
TK1760	1880	-	1559202	1561082
TK1761	1454	+	1561317	1562771
TK1762	209	+	1562768	1562977
TK1763	449	+	1562974	1563423
TK1764	803	-	1563445	1564248
TK1765	3647	+	1564491	1568138
TK1766	1085	-	1568184	1569269
TK1767	362	+	1569343	1569705
TK1768	1346	-	1569702	1571048
TK1769	1025	-	1571097	1572122
TK1770	1970	+	1572195	1574165
TK1771	1346	+	1574238	1575584
TK1772	902	+	1575623	1576525
TK1773	1244	+	1576525	1577769
TK1774	3302	+	1577779	1581081
TK1775	1118	+	1581192	1582310
TK1776	401	+	1582343	1582744
TK1777	1352	+	1582774	1584126
TK1778	815	-	1584131	1584946
TK1779	1874	+	1585158	1587032
TK1780	365	+	1587082	1587447
TK1781	1268	+	1587431	1588699
TK1782	1280	+	1588783	1590063
TK1783	992	-	1590068	1591060
TK1784	746	+	1591253	1591999
TK1785	1190	-	1592166	1593356
TK1786	308	+	1593501	1593809
TK1787	1124	-	1593846	1594970
TK1788	1157	-	1594949	1596106
TK1789	749	-	1596235	1596984
TK1790	1202	+	1597184	1598386
TK1791	1040	+	1598379	1599419
TK1792	845	+	1599416	1600261
TK1793	1625	-	1600623	1602248
TK1794	275	-	1602291	1602566
TK1795	407	-	1602572	1602979
TK1796	1331	+	1603201	1604532
TK1797	863	-	1604523	1605386
TK1798	764	-	1605396	1606160
TK1799	506	-	1606147	1606653
TK1800	1007	-	1606697	1607704
TK1801	959	-	1607715	1608674
TK1802	1421	-	1608686	1610107
TK1803	1049	-	1610119	1611168
TK1804	2447	-	1611349	1613796
TK1805	1229	+	1614137	1615366
TK1806	701	+	1615344	1616045
TK1807	908	+	1616093	1617001
TK1808	647	+	1617113	1617760
TK1809	1961	-	1617747	1619708
TK1810	629	-	1619789	1620418
TK1811	695	-	1620390	1621085
TK1812	245	+	1621159	1621404
TK1813	1190	+	1621406	1622596
TK1814	1154	+	1622617	1623771
TK1815	242	+	1623805	1624047
TK1816	185	+	1624016	1624201
TK1817	860	-	1624403	1625263
TK1818	596	-	1625493	1626089
TK1819	1544	+	1626277	1627821
TK1820	1160	+	1627919	1629079
TK1821	971	+	1629233	1630204
TK1822	1274	+	1630283	1631557
TK1823	200	+	1631541	1631741
TK1824	743	-	1631742	1632485
TK1825	605	+	1632618	1633223
TK1826	302	+	1633228	1633530
TK1827	1238	-	1633533	1634771
TK1828	980	+	1634860	1635840
TK1829	1337	-	1635820	1637157
TK1830	1085	-	1637154	1638239
TK1831	1052	-	1638236	1639288
TK1832	620	-	1639421	1640041
TK1833	1964	-	1640065	1642029
TK1834	326	+	1642196	1642522
TK1835	620	-	1642519	1643139
TK1836	1115	+	1643201	1644316
TK1837	353	+	1644326	1644679
TK1838	1319	+	1644914	1646233
TK1839	3332	-	1646230	1649562
TK1840	1499	-	1649676	1651175
TK1841	608	+	1651338	1651946
TK1842	1181	+	1651927	1653108
TK1843	836	+	1653160	1653996
TK1844	425	-	1653986	1654411
TK1845	1319	-	1654408	1655727
TK1846	953	-	1655741	1656694
TK1847	455	-	1656684	1657139
TK1848	836	-	1657117	1657953
TK1849	494	+	1658024	1658518
TK1850	479	+	1658621	1659100
TK1851	917	-	1659089	1660006
TK1852	1055	-	1660003	1661058
TK1853	3596	-	1661069	1664665
TK1854	848	-	1664669	1665517
TK1855	1442	-	1665529	1666971
TK1856	332	+	1667065	1667397
TK1857	1073	+	1667354	1668427
TK1858	1946	-	1668424	1670370
TK1859	680	-	1670339	1671019
TK1860	1250	-	1671196	1672446
TK1861	1034	-	1672448	1673482
TK1862	230	-	1673482	1673712
TK1863	1097	+	1673931	1675028
TK1864	1151	+	1675122	1676273
TK1865	815	+	1676304	1677119
TK1866	920	+	1677116	1678036
TK1867	830	+	1678023	1678853
TK1868	761	+	1678850	1679611
TK1869	605	+	1679608	1680213
TK1870	593	+	1680223	1680816
TK1871	389	+	1680911	1681300
TK1872	677	-	1681301	1681978
TK1873	1856	-	1682051	1683907
TK1874	1154	-	1684018	1685172
TK1875	176	+	1685352	1685528
TK1876	842	+	1685572	1686414
TK1877	1367	-	1686415	1687782
TK1878	776	+	1687882	1688658
TK1879	764	+	1688717	1689481
TK1880	1409	-	1689486	1690895
TK1881	581	+	1691082	1691663
TK1882	305	+	1691667	1691972
TK1883	557	+	1691982	1692539
TK1884	1385	+	1692727	1694112
TK1885	623	-	1694125	1694748
TK1886	1442	-	1694758	1696200
TK1887	338	+	1696290	1696628
TK1888	998	-	1696602	1697600
TK1889	425	-	1697633	1698058
TK1890	542	-	1698105	1698647
TK1891	1274	-	1698693	1699967
TK1892	2366	+	1700170	1702536
TK1893	746	-	1702597	1703343
TK1894	263	-	1703362	1703625
TK1895	773	-	1703740	1704513
TK1896	728	+	1704629	1705357
TK1897	383	+	1705368	1705751
TK1898	758	-	1705748	1706506
TK1899	2510	-	1706541	1709051
TK1900	1031	-	1709228	1710259
TK1901	1247	+	1711167	1712414
TK1902	2207	+	1712414	1714621
TK1903	5396	+	1714622	1720018
TK1904	686	+	1720094	1720780
TK1905	971	+	1720839	1721810
TK1906	578	-	1722555	1723133
TK1907	638	+	1723596	1724234
TK1908	749	-	1724231	1724980
TK1909	1058	+	1726338	1727396
TK1910	713	+	1727448	1728161
TK1911	443	+	1728158	1728601
TK1912	1685	+	1728644	1730329
TK1913	335	-	1730319	1730654
TK1914	650	-	1730706	1731356
TK1915	113	-	1731372	1731485
TK1916	794	+	1731847	1732641
TK1917	791	-	1732629	1733420
TK1918	653	+	1733514	1734167
TK1919	707	+	1734187	1734894
TK1920	392	+	1734878	1735270
TK1921	443	-	1735267	1735710
TK1922	356	-	1735641	1735997
TK1923	794	-	1735994	1736788
TK1924	356	-	1736788	1737144
TK1925	722	-	1737151	1737873
TK1926	341	-	1737876	1738217
TK1927	614	-	1738309	1738923
TK1928	1025	+	1739175	1740200
TK1929	1778	+	1740300	1742078
TK1930	254	-	1742068	1742322
TK1931	305	-	1742312	1742617
TK1932	1346	-	1742619	1743965
TK1933	629	+	1744045	1744674
TK1934	929	+	1744713	1745642
TK1935	1352	+	1745682	1747034
TK1936	668	-	1747031	1747699
TK1937	449	-	1747683	1748132
TK1938	698	-	1748129	1748827
TK1939	1100	-	1748790	1749890
TK1940	1076	-	1750091	1751167
TK1941	641	-	1751169	1751810
TK1942	1823	-	1751842	1753665
TK1943	656	-	1753818	1754474
TK1944	776	-	1754507	1755283
TK1945	422	-	1755403	1755825
TK1946	1232	-	1755868	1757100
TK1947	392	-	1757244	1757636
TK1948	410	-	1757773	1758183
TK1949	551	-	1758401	1758952
TK1950	1280	-	1759026	1760306
TK1951	377	-	1760540	1760917
TK1952	170	+	1761050	1761220
TK1953	650	-	1761217	1761867
TK1954	551	+	1761964	1762515
TK1955	464	-	1762510	1762974
TK1956	1055	+	1763123	1764178
TK1957	833	+	1764223	1765056
TK1958	380	+	1765062	1765442
TK1959	806	-	1765453	1766259
TK1960	377	-	1766256	1766633
TK1961	1070	-	1766644	1767714
TK1962	584	-	1767842	1768426
TK1963	1277	+	1769265	1770542
TK1964	518	-	1770517	1771035
TK1965	860	-	1771026	1771886
TK1966	914	-	1771944	1772858
TK1967	647	-	1772862	1773509
TK1968	929	-	1773512	1774441
TK1969	467	-	1774446	1774913
TK1970	707	+	1774959	1775666
TK1971	524	+	1775660	1776184
TK1972	1031	+	1776172	1777203
TK1973	335	+	1777592	1777927
TK1974	356	-	1777931	1778287
TK1975	1538	-	1778352	1779890
TK1976	1328	+	1779973	1781301
TK1977	962	-	1781239	1782201
TK1978	557	+	1782410	1782967
TK1979	317	+	1783009	1783326
TK1980	1187	+	1783337	1784524
TK1981	935	+	1784530	1785465
TK1982	317	+	1785529	1785846
TK1983	1184	+	1785858	1787042
TK1984	995	+	1787053	1788048
TK1985	947	+	1788123	1789070
TK1986	863	+	1789078	1789941
TK1987	386	+	1789946	1790332
TK1988	785	+	1790357	1791142
TK1989	536	+	1791165	1791701
TK1990	1199	-	1791698	1792897
TK1991	293	-	1792894	1793187
TK1992	1160	+	1793337	1794497
TK1993	1016	-	1794502	1795518
TK1994	326	-	1795608	1795934
TK1995	326	-	1795934	1796260
TK1996	242	-	1796247	1796489
TK1997	2318	-	1796531	1798849
TK1998	611	-	1799059	1799670
TK1999	524	+	1799974	1800498
TK2000	1118	-	1800618	1801736
TK2001	227	-	1801736	1801963
TK2002	605	+	1802048	1802653
TK2003	218	-	1802690	1802908
TK2004	476	-	1802944	1803420
TK2005	518	-	1803424	1803942
TK2006	332	-	1803894	1804226
TK2007	746	-	1804284	1805030
TK2008	419	-	1805027	1805446
TK2009	893	+	1805564	1806457
TK2010	170	+	1806450	1806620
TK2011	155	+	1806622	1806777
TK2012	416	-	1806767	1807183
TK2013	2582	+	1807409	1809991
TK2014	734	+	1810126	1810860
TK2015	992	-	1810891	1811883
TK2016	389	-	1812011	1812400
TK2017	419	-	1812514	1812933
TK2018	1133	+	1813202	1814335
TK2019	1034	+	1814341	1815375
TK2020	746	+	1815372	1816118
TK2021	887	+	1816201	1817088
TK2022	1364	+	1817218	1818582
TK2023	740	-	1818560	1819300
TK2024	557	-	1819334	1819891
TK2025	284	-	1820032	1820316
TK2026	968	+	1820478	1821446
TK2027	767	+	1821476	1822243
TK2028	818	+	1822230	1823048
TK2029	884	-	1823035	1823919
TK2030	503	+	1824021	1824524
TK2031	275	-	1824599	1824874
TK2032	314	+	1824945	1825259
TK2033	587	+	1825256	1825843
TK2034	836	-	1825936	1826772
TK2035	1196	+	1826875	1828071
TK2036	827	+	1828104	1828931
TK2037	494	-	1828994	1829488
TK2038	569	-	1829449	1830018
TK2039	1070	+	1830075	1831145
TK2040	932	+	1831150	1832082
TK2041	452	-	1832079	1832531
TK2042	701	-	1832528	1833229
TK2043	611	+	1833365	1833976
TK2044	611	+	1833963	1834574
TK2045	872	+	1834612	1835484
TK2046	1400	-	1835481	1836881
TK2047	1328	-	1836888	1838216
TK2048	2978	-	1838216	1841194
TK2049	1868	-	1841369	1843237
TK2050	326	+	1843320	1843646
TK2051	650	-	1843614	1844264
TK2052	227	+	1844314	1844541
TK2053	917	-	1844640	1845557
TK2054	920	-	1845564	1846484
TK2055	1547	-	1846490	1848037
TK2056	1232	-	1848034	1849266
TK2057	1184	-	1849562	1850746
TK2058	1013	-	1850743	1851756
TK2059	347	-	1851810	1852157
TK2060	674	-	1852306	1852980
TK2061	1220	-	1852985	1854205
TK2062	1649	-	1854301	1855950
TK2063	356	+	1856029	1856385
TK2064	1283	-	1856390	1857673
TK2065	218	-	1857753	1857971
TK2066	446	-	1858068	1858514
TK2067	431	-	1858517	1858948
TK2068	209	-	1858929	1859138
TK2069	1286	-	1859187	1860473
TK2070	794	-	1860470	1861264
TK2071	884	-	1861275	1862159
TK2072	1103	-	1862156	1863259
TK2073	377	+	1863645	1864022
TK2074	1055	+	1864029	1865084
TK2075	506	+	1865090	1865596
TK2076	2165	+	1865846	1868011
TK2077	500	+	1868017	1868517
TK2078	488	+	1868608	1869096
TK2079	1028	+	1869207	1870235
TK2080	503	+	1870428	1870931
TK2081	254	+	1870931	1871185
TK2082	371	+	1871182	1871553
TK2083	266	+	1871550	1871816
TK2084	296	+	1871813	1872109
TK2085	449	+	1872106	1872555
TK2086	359	+	1872552	1872911
TK2087	1544	+	1872908	1874452
TK2088	356	+	1874445	1874801
TK2089	530	+	1874839	1875369
TK2090	569	+	1875366	1875935
TK2091	1280	+	1875932	1877212
TK2092	986	+	1877223	1878209
TK2093	431	+	1878206	1878637
TK2094	533	-	1878638	1879171
TK2095	485	-	1879158	1879643
TK2096	488	-	1879645	1880133
TK2097	482	-	1880164	1880646
TK2098	1208	+	1880708	1881916
TK2099	533	+	1881917	1882450
TK2100	992	+	1882531	1883523
TK2101	1337	+	1883664	1885001
TK2102	599	+	1885045	1885644
TK2103	293	-	1885641	1885934
TK2104	674	-	1885918	1886592
TK2105	305	-	1886690	1886995
TK2106	1292	+	1887107	1888399
TK2107	506	-	1888380	1888886
TK2108	3383	+	1889017	1892400
TK2109	839	+	1892692	1893531
TK2110	452	-	1893595	1894047
TK2111	554	-	1894103	1894657
TK2112	488	-	1894703	1895191
TK2113	920	+	1895259	1896179
TK2114	932	-	1896176	1897108
TK2115	425	-	1897203	1897628
TK2116	869	+	1897682	1898551
TK2117	698	-	1898544	1899242
TK2118	266	-	1899244	1899510
TK2119	515	-	1899578	1900093
TK2120	923	+	1900156	1901079
TK2121	527	+	1901119	1901646
TK2122	1151	+	1901656	1902807
TK2123	1025	+	1902810	1903835
TK2124	836	+	1903874	1904710
TK2125	764	-	1904707	1905471
TK2126	977	-	1905462	1906439
TK2127	1322	-	1906500	1907822
TK2128	497	+	1907890	1908387
TK2129	680	+	1908420	1909100
TK2130	527	+	1910392	1910919
TK2131	251	+	1911024	1911275
TK2132	554	-	1911294	1911848
TK2133	578	-	1911845	1912423
TK2134	425	-	1912760	1913185
TK2135	1253	-	1913255	1914508
TK2136	227	+	1914625	1914852
TK2137	830	+	1914894	1915724
TK2138	557	-	1915683	1916240
TK2139	773	+	1916309	1917082
TK2140	1688	-	1917066	1918754
TK2141	902	-	1918802	1919704
TK2142	1658	-	1919780	1921438
TK2143	590	-	1921750	1922340
TK2144	350	-	1922340	1922690
TK2145	1772	+	1922851	1924623
TK2146	305	+	1924634	1924939
TK2147	2309	+	1925089	1927398
TK2148	1454	-	1927410	1928864
TK2149	347	+	1928946	1929293
TK2150	671	+	1929290	1929961
TK2151	455	-	1929908	1930363
TK2152	635	+	1930665	1931300
TK2153	296	-	1931301	1931597
TK2154	272	+	1931679	1931951
TK2155	482	+	1931942	1932424
TK2156	1706	-	1932402	1934108
TK2157	905	-	1934118	1935023
TK2158	947	-	1935261	1936208
TK2159	1262	-	1936338	1937600
TK2160	1331	+	1938001	1939332
TK2161	908	+	1939329	1940237
TK2162	647	+	1940234	1940881
TK2163	1958	-	1940992	1942950
TK2164	1127	-	1943103	1944230
TK2165	236	-	1944367	1944603
TK2166	1118	+	1945702	1946820
TK2167	1307	+	1946901	1948208
TK2168	1931	-	1948162	1950093
TK2169	1367	+	1950199	1951566
TK2170	1289	+	1951563	1952852
TK2171	659	+	1952923	1953582
TK2172	2141	+	1953627	1955768
TK2173	581	-	1955771	1956352
TK2174	596	-	1956828	1957424
TK2175	596	-	1957758	1958354
TK2176	974	-	1958371	1959345
TK2177	875	-	1959413	1960288
TK2178	3770	-	1960285	1964055
TK2179	785	+	1964247	1965032
TK2180	2504	+	1965273	1967777
TK2181	1256	+	1967770	1969026
TK2182	458	+	1969178	1969636
TK2183	404	+	1969642	1970046
TK2184	713	+	1970056	1970769
TK2185	1349	+	1970876	1972225
TK2186	422	+	1972228	1972650
TK2187	1058	-	1972673	1973731
TK2188	1313	+	1974078	1975391
TK2189	428	-	1975345	1975773
TK2190	308	-	1975770	1976078
TK2191	581	-	1976193	1976774
TK2192	587	-	1976771	1977358
TK2193	803	-	1977340	1978143
TK2194	623	+	1978240	1978863
TK2195	458	-	1978858	1979316
TK2196	932	-	1979320	1980252
TK2197	902	+	1980369	1981271
TK2198	413	+	1981268	1981681
TK2199	752	-	1981947	1982699
TK2200	1346	-	1982743	1984089
TK2201	1571	+	1984325	1985896
TK2202	1313	-	1985909	1987222
TK2203	788	-	1987257	1988045
TK2204	1196	-	1988086	1989282
TK2205	1145	-	1989417	1990562
TK2206	1103	-	1990552	1991655
TK2207	599	-	1991694	1992293
TK2208	728	-	1992330	1993058
TK2209	1013	-	1993055	1994068
TK2210	1331	-	1994105	1995436
TK2211	2651	-	1995436	1998087
TK2212	1382	-	1998084	1999466
TK2213	1778	-	1999607	2001385
TK2214	500	+	2001585	2002085
TK2215	506	+	2002085	2002591
TK2216	839	-	2002594	2003433
TK2217	1187	-	2003562	2004749
TK2218	2600	+	2004910	2007510
TK2219	1499	+	2007516	2009015
TK2220	1316	+	2009071	2010387
TK2221	242	+	2010446	2010688
TK2222	1256	-	2010685	2011941
TK2223	1013	-	2011978	2012991
TK2224	1016	-	2012894	2013910
TK2225	923	-	2014001	2014924
TK2226	731	+	2015059	2015790
TK2227	1415	+	2015756	2017171
TK2228	386	-	2017168	2017554
TK2229	224	-	2017551	2017775
TK2230	182	+	2017842	2018024
TK2231	662	-	2018132	2018794
TK2232	635	-	2018804	2019439
TK2233	365	+	2019526	2019891
TK2234	719	+	2019864	2020583
TK2235	842	+	2020638	2021480
TK2236	476	+	2026805	2027281
TK2237	566	+	2027292	2027858
TK2238	611	-	2027852	2028463
TK2239	872	-	2028511	2029383
TK2240	1580	+	2029516	2031096
TK2241	686	-	2031103	2031789
TK2242	956	+	2031879	2032835
TK2243	1151	+	2032828	2033979
TK2244	584	+	2034039	2034623
TK2245	914	+	2034700	2035614
TK2246	920	+	2035669	2036589
TK2247	1175	+	2036589	2037764
TK2248	938	+	2037757	2038695
TK2249	500	-	2038685	2039185
TK2250	935	-	2039166	2040101
TK2251	1136	+	2040191	2041327
TK2252	1193	-	2041379	2042572
TK2253	749	+	2042790	2043539
TK2254	896	-	2043496	2044392
TK2255	1322	+	2044446	2045768
TK2256	374	+	2045775	2046149
TK2257	536	-	2046146	2046682
TK2258	779	-	2046689	2047468
TK2259	365	-	2047475	2047840
TK2260	908	+	2049075	2049983
TK2261	236	+	2050033	2050269
TK2262	410	+	2050257	2050667
TK2263	719	+	2050664	2051383
TK2264	2150	-	2051478	2053628
TK2265	317	-	2054047	2054364
TK2266	1199	-	2054361	2055560
TK2267	263	-	2055573	2055836
TK2268	1178	-	2055846	2057024
TK2269	407	-	2057111	2057518
TK2270	191	+	2057679	2057870
TK2271	1241	+	2057929	2059170
TK2272	770	+	2059197	2059967
TK2273	326	+	2059954	2060280
TK2274	449	-	2060366	2060815
TK2275	518	-	2060817	2061335
TK2276	641	+	212592	213233
TK2277	602	-	2061340	2061942
TK2278	1148	-	2062008	2063156
TK2279	1298	-	2063199	2064497
TK2280	686	+	2064600	2065286
TK2281	761	+	2065351	2066112
TK2282	1454	+	2066112	2067566
TK2283	356	-	2067556	2067912
TK2284	503	-	2067917	2068420
TK2285	821	-	2068506	2069327
TK2286	347	+	2069450	2069797
TK2287	920	+	2069794	2070714
TK2288	494	+	2070724	2071218
TK2289	203	-	2071262	2071465
TK2290	1334	+	2071818	2073152
TK2291	596	+	2073294	2073890
TK2292	203	-	2073927	2074130
TK2293	431	+	2074256	2074687
TK2294	668	+	2074723	2075391
TK2295	449	+	2075431	2075880
TK2296	800	-	2075892	2076692
TK2297	1025	-	2076729	2077754
TK2298	1832	+	2078065	2079897
TK2299	710	+	2079915	2080625
TK2300	356	-	2080647	2081003
TK2301	719	-	2081016	2081735
TK2302	1250	-	2081785	2083035
TK2303	1640	+	2083198	2084838
TK2304	1352	-	2084944	2086296
TK2305	272	+	2086377	2086649
TK2306	472	+	2086633	2087105
Tko-sR01	59	-	51416	51475
Tko-sR02	56	-	58275	58331
Tko-sR03	54	-	58303	58357
Tko-sR04	52	+	87729	87781
Tko-sR05	60	-	100200	100260
Tko-sR06	60	+	113603	113663
Tko-sR07	58	-	116406	116464
Tko-sR08	57	-	130550	130607
Tko-sR09	63	+	140277	140340
Tko-sR10	55	-	154238	154293
Tko-sR11	58	+	158987	159045
Tko-sR12	54	+	253612	253666
Tko-sR13	56	-	273156	273212
Tko-sR14	59	-	278812	278871
Tko-sR15	57	-	286708	286765
Tko-sR16	54	-	315143	315197
Tko-sR17	56	-	421183	421239
Tko-sR18	54	+	459262	459316
Tko-sR19	58	+	547230	547288
Tko-sR20	54	-	557833	557887
Tko-sR21	59	+	605079	605138
Tko-sR22	59	-	606341	606400
Tko-sR23	59	-	618227	618286
Tko-sR24	57	-	794518	794575
Tko-sR25	54	-	822770	822824
Tko-sR26	54	-	831379	831433
Tko-sR27	49	-	844634	844683
Tko-sR28	60	+	854237	854297
Tko-sR29	55	+	939155	939210
Tko-sR30	68	+	949756	949824
Tko-sR31	59	+	962863	962922
Tko-sR32	56	-	1019773	1019829
Tko-sR33	55	+	1052781	1052836
Tko-sR34	55	-	1099964	1100019
Tko-sR35	54	-	1102580	1102634
Tko-sR36	58	+	1107440	1107498
Tko-sR37	55	-	1158597	1158652
Tko-sR38	68	+	1163946	1164014
Tko-sR39	54	-	1166384	1166438
Tko-sR40	51	-	1220960	1221011
Tko-sR41	54	-	1225853	1225907
Tko-sR42	62	+	1225958	1226020
Tko-sR43	60	-	1226833	1226893
Tko-sR44	58	+	1239797	1239855
Tko-sR45	71	+	1295357	1295428
Tko-sR46	57	-	1312762	1312819
Tko-sR47	52	-	1330466	1330518
Tko-sR48	55	-	1338021	1338076
Tko-sR49	54	-	1367430	1367484
Tko-sR50	54	+	1370738	1370792
Tko-sR51	57	-	1391748	1391805
Tko-sR52	52	-	1445222	1445274
Tko-sR53	54	-	1451777	1451831
Tko-sR54	58	+	1475861	1475919
Tko-sR55	55	+	1566020	1566075
Tko-sR56	63	-	1592079	1592142
Tko-sR57	54	-	1625314	1625368
Tko-sR58	56	-	1625400	1625456
Tko-sR59	58	-	1673167	1673225
Tko-sR60	51	-	1678184	1678235
Tko-sR61	55	+	1725029	1725084
Tko-sR62	60	+	1728931	1728991
Tko-sR63	53	+	1802240	1802293
Tko-sR64	53	-	1828932	1828985
Tko-sR65	53	-	1946811	1946864
Tko-sR66	59	-	2001465	2001524
Tko-sR67	54	-	2068429	2068483
Tko105	140	-	465057	465197
Tko160	67	-	899084	899151
Tko19	75	+	2022647	2022722
Tko21	58	-	47850	47908
Tko35	158	-	1107275	1107433
Tko40	211	+	462061	462272
Tko91	54	+	1545185	1545239
tRNA-Ala-1	77	+	423162	423239
tRNA-Ala-2	77	-	1769022	1769099
tRNA-Ala-3	76	+	2023415	2023491
tRNA-Arg-1	77	+	1319086	1319163
tRNA-Arg-2	77	+	1498122	1498199
tRNA-Arg-3	77	+	1239862	1239939
tRNA-Arg-4	77	+	1310264	1310341
tRNA-Arg-5	76	+	498271	498347
tRNA-Asn	75	-	1126993	1127068
tRNA-Asp	77	+	1768621	1768698
tRNA-Cys-1	74	+	994189	994263
tRNA-Gln-1	75	-	1497954	1498029
tRNA-Gln-2	75	+	1909178	1909253
tRNA-Glu-1	77	-	346151	346228
tRNA-Glu-2	77	-	1482757	1482834
tRNA-Gly-1	76	-	1310084	1310160
tRNA-Gly-2	77	-	1930417	1930494
tRNA-Gly-3	77	+	2053874	2053951
tRNA-His	76	-	1723377	1723453
tRNA-Ile	77	-	1482666	1482743
tRNA-Leu-1	87	-	259368	259455
tRNA-Leu-2	87	+	1200532	1200619
tRNA-Leu-3	87	-	1249296	1249383
tRNA-Leu-4	87	-	1322004	1322091
tRNA-Leu-5	87	-	1325598	1325685
tRNA-Lys-1	77	+	259566	259643
tRNA-Lys-2	77	-	2048905	2048982
tRNA-Met-1	107	-	685106	685213
tRNA-Met-2	77	+	1094175	1094252
tRNA-Met-3	77	-	1126909	1126986
tRNA-Phe	76	+	2053785	2053861
tRNA-Pro-1	77	+	1248415	1248492
tRNA-Pro-2	77	-	1323993	1324070
tRNA-Pro-3	77	-	1726187	1726264
tRNA-Ser-1	86	-	261086	261172
tRNA-Ser-2	85	+	994081	994166
tRNA-Ser-3	86	-	1039786	1039872
tRNA-Ser-4	86	-	1327961	1328047
tRNA-Thr-1	76	-	306272	306348
tRNA-Thr-2	76	+	1127162	1127238
tRNA-Thr-3	76	+	1248201	1248277
tRNA-Trp	139	+	1944696	1944835
tRNA-Tyr	77	+	1912501	1912578
tRNA-Val-1	47	-	62858	62905
tRNA-Val-2	77	-	86216	86293
tRNA-Val-3	77	+	423250	423327
tRNA-Val-4	76	-	654838	654914
